1075518.026751
982429.765817
1009297.486768
1009224.562164
958519.269779
1005941.270372
1074896.559845
988469.270403
940852.079352
959955.130500
966938.709319
925652.682777
973735.862737
974270.980973
994362.005187
947473.560750
1005115.271766
981939.798665
1016818.194646
1055420.981538
1001738.618279
988889.635130
1020842.686830
1006376.833324
938987.633452
970401.589399
967434.147063
1020791.246219
993844.220923
1048812.118823
1034331.238899
1036595.585138
985968.722218
1009018.473472
1050657.911269
1014681.557514
1042476.821645
969712.697941
1040036.712483
1091774.016022
939283.958447
1004726.829739
976931.493421
1003377.952096
980160.499402
954012.331009
1002917.635408
978674.966643
1054085.404912
1041119.471503
986739.725340
1015592.635684
1010771.973418
1031511.306160
1015046.285136
1023526.933145
1024439.995374
1061667.333841
957911.972661
1029520.320904
987850.116289
944452.320594
996164.516329
994786.993277
1038622.954975
1064476.875616
1047367.739327
1000784.921727
958333.913578
1025451.807722
971092.368547
1002857.727136
922225.231698
962044.891349
934911.994197
983231.510718
976840.781604
948684.514968
1041653.725518
1020295.236683
1047610.170663
965618.322752
938879.342862
931296.633580
963549.265423
1071131.317157
958856.124885
1005269.313277
967381.037068
994781.906473
929121.710135
992498.616576
955587.707067
981688.296703
975557.731478
990201.529712
969113.496126
977386.535337
973191.128113
1015204.735437
1020014.021360
1006366.349173
1035047.088501
1034926.202861
976409.585011
1032562.590774
1015133.310018
1057534.804932
1033032.845584
937125.265798
1058786.668720
957836.914384
1043654.337892
991631.898033
945194.071668
1013993.228146
1061078.134918
986553.395142
1071993.120052
945826.361409
1006650.946660
1030044.937687
1030344.674952
925550.203229
1077747.732399
992402.919948
990886.678893
998116.373883
977045.625855
928238.954881
1067511.894248
965135.552941
1001103.950872
1012115.109865
1008510.434519
1046082.528633
981390.451973
941312.280793
1011883.302369
947040.892935
992660.037935
1027311.882757
1019947.918271
993906.985499
942378.533214
1004684.020892
1118015.571731
1007447.803883
1017279.767698
932328.396314
1061271.078995
964762.642731
1047146.522897
1072189.407399
1021761.939792
1040206.922317
1074291.317146
947131.427761
1019933.303708
1060753.623833
926520.154798
956209.405118
1036540.288503
984305.683055
1049146.623421
980459.602956
1017131.886513
954256.275464
1004260.406145
1009771.900511
1071404.200103
949299.723997
994279.595740
984279.562781
994926.502291
948998.193493
1055738.498530
1011835.130970
1056619.194597
998918.830730
982322.254604
963604.877180
1002909.467244
989755.404895
967352.565720
973362.462026
926077.586283
1056083.747365
985901.119484
938214.356076
959676.117022
1029199.715073
992210.269317
954989.986011
984322.432375
970242.612130
992297.728996
1020444.321164
984088.541701
947009.351743

read_time: 18006100 nano_sec
compute_time: 18783600 nano_sec
output_time: 251300 nano_sec
